1
2
3
4
5
6
sheet: GPA_UPLOAD_SHEET$
7
System.Data.OleDb.OleDbConnection
8
9
Excel Data Row Count: 3
10
11
12
13
14
12
13
14
12
13
14
12
13
14
12
13
14
12
13
14
12
13
14
12
13
14
12
13
14
12
13
14
12
13
14
12
13
14
12
13
14
12
13
14
12
13
14
12
13
14
12
13
14
12
13
14
12
13
14
12
13
14
12
13
14
12
13
14
12
13
14
12
13
14
12
13
14
12
13
14
12
13
14
12
13
14
12
13
14
12
13
14
12
13
14
12
13
14
12
13
14
12
13
14
12
13
14
12
13
14
12
13
14
12
13
14
12
13
14
12
13
14
12
13
14
12
13
14
12
13
14
12
13
14
12
13
14
12
13
14
12
13
14
12
13
14
12
13
14
12
13
14
12
13
14
12
13
14
12
13
14
12
13
14
12
13
14
12
13
14
12
13
14
12
13
14
12
13
14
12
13
14
12
13
14
12
13
14
12
13
14
12
13
14
12
13
14
12
13
14
12
13
14
12
13
14
12
13
14
12
13
14
12
13
14
12
13
14
12
13
14
12
13
14
12
13
14
12
13
14
12
13
14
12
13
14
12
13
14
12
13
14
12
13
14
12
13
14
12
13
14
12
13
14
12
13
14
12
13
14
12
13
14
12
13
14
12
13
14
12
13
14
12
13
14
12
13
14
12
13
14
12
13
14
12
13
14
12
13
14
12
13
14
12
13
14
12
13
14
12
13
14
12
13
14
12
13
14
12
13
14
12
13
14
12
13
14
12
13
14
12
13
14
14
14
14
11
12
13
14
12
13
14
12
13
14
12
13
14
12
13
14
12
13
14
12
13
14
12
13
14
12
13
14
12
13
14
12
13
14
12
13
14
12
13
14
12
13
14
12
13
14
12
13
14
12
13
14
12
13
14
12
13
14
12
13
14
12
13
14
12
13
14
12
13
14
12
13
14
12
13
14
12
13
14
12
13
14
12
13
14
12
13
14
12
13
14
12
13
14
12
13
14
12
13
14
12
13
14
12
13
14
12
13
14
12
13
14
12
13
14
12
13
14
12
13
14
12
13
14
12
13
14
12
13
14
12
13
14
12
13
14
12
13
14
12
13
14
12
13
14
12
13
14
12
13
14
12
13
14
12
13
14
12
13
14
12
13
14
12
13
14
12
13
14
12
13
14
12
13
14
12
13
14
12
13
14
12
13
14
12
13
14
12
13
14
12
13
14
12
13
14
12
13
14
12
13
14
12
13
14
12
13
14
12
13
14
12
13
14
12
13
14
12
13
14
12
13
14
12
13
14
12
13
14
12
13
14
12
13
14
12
13
14
12
13
14
12
13
14
12
13
14
12
13
14
12
13
14
12
13
14
12
13
14
12
13
14
12
13
14
12
13
14
12
13
14
12
13
14
12
13
14
12
13
14
12
13
14
12
13
14
12
13
14
12
13
14
12
13
14
12
13
14
12
13
14
12
13
14
12
13
14
12
13
14
12
13
14
12
13
14
12
13
14
12
13
14
14
14
14
11
12
13
14
12
13
14
12
13
14
12
13
14
12
13
14
12
13
14
12
13
14
12
13
14
12
13
14
12
13
14
12
13
14
12
13
14
12
13
14
12
13
14
12
13
14
12
13
14
12
13
14
12
13
14
12
13
14
12
13
14
12
13
14
12
13
14
12
13
14
12
13
14
12
13
14
12
13
14
12
13
14
12
13
14
12
13
14
12
13
14
12
13
14
12
13
14
12
13
14
12
13
14
12
13
14
12
13
14
12
13
14
12
13
14
12
13
14
12
13
14
12
13
14
12
13
14
12
13
14
12
13
14
12
13
14
12
13
14
12
13
14
12
13
14
12
13
14
12
13
14
12
13
14
12
13
14
12
13
14
12
13
14
12
13
14
12
13
14
12
13
14
12
13
14
12
13
14
12
13
14
12
13
14
12
13
14
12
13
14
12
13
14
12
13
14
12
13
14
12
13
14
12
13
14
12
13
14
12
13
14
12
13
14
12
13
14
12
13
14
12
13
14
12
13
14
12
13
14
12
13
14
12
13
14
12
13
14
12
13
14
12
13
14
12
13
14
12
13
14
12
13
14
12
13
14
12
13
14
12
13
14
12
13
14
12
13
14
12
13
14
12
13
14
12
13
14
12
13
14
12
13
14
12
13
14
12
13
14
12
13
14
12
13
14
12
13
14
12
13
14
12
13
14
12
13
14
12
13
14
12
13
14
12
13
14
12
13
14
12
13
14
14
14
14
15
16
17
17
17
